{
 "cells": [
  {
   "cell_type": "code",
   "execution_count": 8,
   "metadata": {},
   "outputs": [],
   "source": [
    "import numpy as np\n",
    "#\n",
    "def mr_svd(M, m, n):\n",
    "    # Direct SVD decomposition multi-resolution\n",
    "    # Input: M     - (m x n) matrix to SVD decomposition\n",
    "    #        m x n - Image dimension \n",
    "    # Output: Return list Y decomposition and matrix U of the SVD decomposition\n",
    "    #         Where are TLL, TLH, THL, and THH into a list Y\n",
    "    # \n",
    "    # Set multi-resolution two level\n",
    "    m = int(m/2)\n",
    "    n = int(n/2)\n",
    "    # Set md to two level SVD decomposition IM.LL, IM.LH, IM.HL, and IM.HH\n",
    "    # Obs: Each decomposition level split the initial image into 4 matrix\n",
    "    md = 4\n",
    "    # Resize M into matrix A[4, m * n]\n",
    "    A = np.zeros((md, m * n))\n",
    "    for j in range(n):\n",
    "        for i in range(m):\n",
    "            for l in range(2):\n",
    "                for k in range(2):\n",
    "                    A[k + l * 2, i + j * m] = M[i * 2 + k, j * 2 + l]\n",
    "    #\n",
    "    # Calculate SVD decomposition to A\n",
    "    U, S, V = np.linalg.svd(A, full_matrices=True)\n",
    "    UT =  U.transpose()\n",
    "    T = UT @ A\n",
    "    # Set each line of T into a vector TLL, TLH, THL, and THH\n",
    "    TLL = np.zeros((m, n))\n",
    "    TLH = np.zeros((m, n))\n",
    "    THL = np.zeros((m, n))\n",
    "    THH = np.zeros((m, n))\n",
    "    for j in range(n):\n",
    "        for i in range(m):\n",
    "            TLL[i, j] = T[0, i + j * m]\n",
    "            TLH[i, j] = T[1, i + j * m]\n",
    "            THL[i, j] = T[2, i + j * m]\n",
    "            THH[i, j] = T[3, i + j * m]\n",
    "    #\n",
    "    # Put TLL, TLH, THL, and THH into a list Y\n",
    "    Y = []\n",
    "    Y.append(TLL)\n",
    "    Y.append(TLH)\n",
    "    Y.append(THL)\n",
    "    Y.append(THH)\n",
    "    # Return Y decomposition and matrix U of the SVD decomposition\n",
    "    return Y, U\n",
    "#\n",
    "def mr_isvd(Y, U):\n",
    "    # Inverse SVD decomposition multi-resolution\n",
    "    # Input: List Y with coeficients and matrix U fusion to SVD inverse decomposition\n",
    "    #         Where TLL, TLH, THL, and THH are into a list Y\n",
    "    # Output: Image fusion\n",
    "    # Define dimension\n",
    "    dim = Y[0].shape\n",
    "    m = dim[0]\n",
    "    n = dim[1]\n",
    "    mn = dim[0] * dim[1]\n",
    "    # Put list Y into matrix T[4, m * n]\n",
    "    # Obs: Each decomposition level split the initial image into 4 matrix\n",
    "    #\n",
    "    T = np.zeros((4, mn))\n",
    "    for j in range(n):\n",
    "        for i in range(m):\n",
    "            T[0, i + j * m] = Y[0][i][j]\n",
    "            T[1, i + j * m] = Y[1][i][j]\n",
    "            T[2, i + j * m] = Y[2][i][j]\n",
    "            T[3, i + j * m] = Y[3][i][j]\n",
    "    #\n",
    "    # Inverse SVD\n",
    "    A = U @ T\n",
    "    # Put A into matrix M\n",
    "    M = np.zeros((2 * m, 2 * n))\n",
    "    for j in range(n):\n",
    "        for i in range(m):\n",
    "            for l in range(2):\n",
    "                for k in range(2):\n",
    "                    M[i * 2 + k, j * 2 + l] = A[k + l * 2, i + j * m]\n",
    "    # Return the image M\n",
    "    return M\n",
    "#\n",
    "def fus_svd(E, m, n, nc):\n",
    "    # SVD multi-resolution Fusion\n",
    "    # Input: E     - (m x n x nc) Data with one image per channel\n",
    "    #        m x n - Image dimension\n",
    "    #        nc    - Channels number      \n",
    "    # Output: F - Image fusion\n",
    "    # Realize the SVD FUSION\n",
    "    XC = []\n",
    "    UC = []\n",
    "    # Calculate the SVD methods for each image (channel)\n",
    "    # Storage into two list\n",
    "    for c in range(nc):\n",
    "        X, U = mr_svd(E[:, :, c], m, n)\n",
    "        XC.append(X)\n",
    "        UC.append(U)\n",
    "    #\n",
    "    # Set de dimension\n",
    "    mr = int(m / 2)\n",
    "    nr = int(n / 2)\n",
    "    SOMA = np.zeros((mr, nr))\n",
    "    XLL  = np.zeros((mr, nr))\n",
    "    # Calculate the average in alls decompositions X.LL (among channel)\n",
    "    for c in range(nc):\n",
    "        SOMA = SOMA + XC[c][0]\n",
    "    XLL = SOMA / nc\n",
    "    #\n",
    "    XF = []\n",
    "    XF.append(XLL)\n",
    "    #\n",
    "    # Obs: Each decomposition level split the initial image into 4 matrix\n",
    "    nd = 4\n",
    "    # Calculate the maximum in alls decompositions X.LH, X.HL, and X.HH (among channel)\n",
    "    for c in range(1, nd):\n",
    "        D = np.maximum(XC[0][c], XC[1][c])>= 0\n",
    "        # Element-wise multiplication, and rule to fusion\n",
    "        XA = D * XC[0][c] + ~D * XC[1][c]\n",
    "        D = np.maximum(XA, XC[2][c])>= 0\n",
    "        # Element-wise multiplication, and rule to fusion\n",
    "        COEF = D * XA + ~D * XC[2][c]\n",
    "        XF.append(COEF)\n",
    "    #\n",
    "    # Rule fusion to matriz list UC\n",
    "    SOMA1 = np.zeros((4, 4))\n",
    "    UF    = np.zeros((4, 4))\n",
    "    for c in range(nc):\n",
    "        SOMA1 = SOMA1 + UC[c]\n",
    "    UF = SOMA1 / nc\n",
    "    IF = mr_isvd(XF, UF)\n",
    "    return IF\n",
    "#\n",
    "# Programa principal para validacao do codigo\n",
    "#\n",
    "m = 16\n",
    "n = 16\n",
    "nc = 3\n",
    "MAT = np.zeros((m, n))\n",
    "for j in range(n):\n",
    "    for i in range(m):\n",
    "        #MAT[i, j] = 1\n",
    "        #MAT[i, j] = (i + 1) + (j + 1)\n",
    "        MAT[i, j] = 1 / ((i + 1) + (j + 1))\n",
    "#\n",
    "IMTES = np.zeros((m, n, nc))\n",
    "IMTES[:,:, 0] = MAT\n",
    "IMTES[:,:, 1] = MAT\n",
    "IMTES[:,:, 2] = MAT\n",
    "TESTE = fus_svd(IMTES, m, n, nc)"
   ]
  },
  {
   "cell_type": "code",
   "execution_count": 9,
   "metadata": {},
   "outputs": [
    {
     "data": {
      "text/plain": [
       "array([[1.66533454e-16, 0.00000000e+00, 1.11022302e-16, 2.77555756e-17,\n",
       "        8.32667268e-17, 2.77555756e-17, 6.93889390e-17, 1.38777878e-17,\n",
       "        6.93889390e-17, 1.38777878e-17, 4.16333634e-17, 0.00000000e+00,\n",
       "        5.55111512e-17, 1.38777878e-17, 2.77555756e-17, 0.00000000e+00],\n",
       "       [1.11022302e-16, 5.55111512e-17, 2.77555756e-17, 0.00000000e+00,\n",
       "        2.77555756e-17, 0.00000000e+00, 1.38777878e-17, 1.38777878e-17,\n",
       "        1.38777878e-17, 0.00000000e+00, 0.00000000e+00, 0.00000000e+00,\n",
       "        1.38777878e-17, 6.93889390e-18, 0.00000000e+00, 0.00000000e+00],\n",
       "       [1.11022302e-16, 2.77555756e-17, 8.32667268e-17, 2.77555756e-17,\n",
       "        6.93889390e-17, 1.38777878e-17, 6.93889390e-17, 1.38777878e-17,\n",
       "        4.16333634e-17, 0.00000000e+00, 5.55111512e-17, 1.38777878e-17,\n",
       "        2.77555756e-17, 0.00000000e+00, 3.46944695e-17, 0.00000000e+00],\n",
       "       [2.77555756e-17, 0.00000000e+00, 2.77555756e-17, 0.00000000e+00,\n",
       "        1.38777878e-17, 1.38777878e-17, 1.38777878e-17, 0.00000000e+00,\n",
       "        0.00000000e+00, 0.00000000e+00, 1.38777878e-17, 6.93889390e-18,\n",
       "        0.00000000e+00, 0.00000000e+00, 0.00000000e+00, 6.93889390e-18],\n",
       "       [8.32667268e-17, 2.77555756e-17, 6.93889390e-17, 1.38777878e-17,\n",
       "        6.93889390e-17, 1.38777878e-17, 4.16333634e-17, 0.00000000e+00,\n",
       "        5.55111512e-17, 1.38777878e-17, 2.77555756e-17, 0.00000000e+00,\n",
       "        3.46944695e-17, 0.00000000e+00, 2.08166817e-17, 6.93889390e-18],\n",
       "       [2.77555756e-17, 0.00000000e+00, 1.38777878e-17, 1.38777878e-17,\n",
       "        1.38777878e-17, 0.00000000e+00, 0.00000000e+00, 0.00000000e+00,\n",
       "        1.38777878e-17, 6.93889390e-18, 0.00000000e+00, 0.00000000e+00,\n",
       "        0.00000000e+00, 6.93889390e-18, 6.93889390e-18, 0.00000000e+00],\n",
       "       [6.93889390e-17, 1.38777878e-17, 6.93889390e-17, 1.38777878e-17,\n",
       "        4.16333634e-17, 0.00000000e+00, 5.55111512e-17, 1.38777878e-17,\n",
       "        2.77555756e-17, 0.00000000e+00, 3.46944695e-17, 0.00000000e+00,\n",
       "        2.08166817e-17, 6.93889390e-18, 1.38777878e-17, 1.38777878e-17],\n",
       "       [1.38777878e-17, 1.38777878e-17, 1.38777878e-17, 0.00000000e+00,\n",
       "        0.00000000e+00, 0.00000000e+00, 1.38777878e-17, 6.93889390e-18,\n",
       "        0.00000000e+00, 0.00000000e+00, 0.00000000e+00, 6.93889390e-18,\n",
       "        6.93889390e-18, 0.00000000e+00, 1.38777878e-17, 1.38777878e-17],\n",
       "       [6.93889390e-17, 1.38777878e-17, 4.16333634e-17, 0.00000000e+00,\n",
       "        5.55111512e-17, 1.38777878e-17, 2.77555756e-17, 0.00000000e+00,\n",
       "        3.46944695e-17, 0.00000000e+00, 2.08166817e-17, 6.93889390e-18,\n",
       "        1.38777878e-17, 1.38777878e-17, 2.08166817e-17, 6.93889390e-18],\n",
       "       [1.38777878e-17, 0.00000000e+00, 0.00000000e+00, 0.00000000e+00,\n",
       "        1.38777878e-17, 6.93889390e-18, 0.00000000e+00, 0.00000000e+00,\n",
       "        0.00000000e+00, 6.93889390e-18, 6.93889390e-18, 0.00000000e+00,\n",
       "        1.38777878e-17, 1.38777878e-17, 6.93889390e-18, 6.93889390e-18],\n",
       "       [4.16333634e-17, 0.00000000e+00, 5.55111512e-17, 1.38777878e-17,\n",
       "        2.77555756e-17, 0.00000000e+00, 3.46944695e-17, 0.00000000e+00,\n",
       "        2.08166817e-17, 6.93889390e-18, 1.38777878e-17, 1.38777878e-17,\n",
       "        2.08166817e-17, 6.93889390e-18, 2.08166817e-17, 0.00000000e+00],\n",
       "       [0.00000000e+00, 0.00000000e+00, 1.38777878e-17, 6.93889390e-18,\n",
       "        0.00000000e+00, 0.00000000e+00, 0.00000000e+00, 6.93889390e-18,\n",
       "        6.93889390e-18, 0.00000000e+00, 1.38777878e-17, 1.38777878e-17,\n",
       "        6.93889390e-18, 6.93889390e-18, 0.00000000e+00, 0.00000000e+00],\n",
       "       [5.55111512e-17, 1.38777878e-17, 2.77555756e-17, 0.00000000e+00,\n",
       "        3.46944695e-17, 0.00000000e+00, 2.08166817e-17, 6.93889390e-18,\n",
       "        1.38777878e-17, 1.38777878e-17, 2.08166817e-17, 6.93889390e-18,\n",
       "        2.08166817e-17, 0.00000000e+00, 2.77555756e-17, 0.00000000e+00],\n",
       "       [1.38777878e-17, 6.93889390e-18, 0.00000000e+00, 0.00000000e+00,\n",
       "        0.00000000e+00, 6.93889390e-18, 6.93889390e-18, 0.00000000e+00,\n",
       "        1.38777878e-17, 1.38777878e-17, 6.93889390e-18, 6.93889390e-18,\n",
       "        0.00000000e+00, 0.00000000e+00, 0.00000000e+00, 0.00000000e+00],\n",
       "       [2.77555756e-17, 0.00000000e+00, 3.46944695e-17, 0.00000000e+00,\n",
       "        2.08166817e-17, 6.93889390e-18, 1.38777878e-17, 1.38777878e-17,\n",
       "        2.08166817e-17, 6.93889390e-18, 2.08166817e-17, 0.00000000e+00,\n",
       "        2.77555756e-17, 0.00000000e+00, 1.38777878e-17, 6.93889390e-18],\n",
       "       [0.00000000e+00, 0.00000000e+00, 0.00000000e+00, 6.93889390e-18,\n",
       "        6.93889390e-18, 0.00000000e+00, 1.38777878e-17, 1.38777878e-17,\n",
       "        6.93889390e-18, 6.93889390e-18, 0.00000000e+00, 0.00000000e+00,\n",
       "        0.00000000e+00, 0.00000000e+00, 6.93889390e-18, 6.93889390e-18]])"
      ]
     },
     "execution_count": 9,
     "metadata": {},
     "output_type": "execute_result"
    }
   ],
   "source": [
    "np.abs(MAT - TESTE)"
   ]
  },
  {
   "cell_type": "code",
   "execution_count": null,
   "metadata": {},
   "outputs": [],
   "source": []
  }
 ],
 "metadata": {
  "kernelspec": {
   "display_name": "Python 3",
   "language": "python",
   "name": "python3"
  },
  "language_info": {
   "codemirror_mode": {
    "name": "ipython",
    "version": 3
   },
   "file_extension": ".py",
   "mimetype": "text/x-python",
   "name": "python",
   "nbconvert_exporter": "python",
   "pygments_lexer": "ipython3",
   "version": "3.7.3"
  }
 },
 "nbformat": 4,
 "nbformat_minor": 2
}
